y=p*x+q
p: 0.126265
q: 2.02628